101
1014
1017
104
106
122
127
130
131
163
175
2031
2037
2053
2069
2072
2077
2079
2081
2105
2117
212
2131
2143
2159
2161
2171
2174
2199
2206
2208
2209
2230
2234
2249
2255
2256
2257
2270
2272
2280
2291
2294
230
2300
2313
232
2330
2336
2337
2345
2348
2356
2364
2372
2373
2378
2400
2413
2422
2426
2440
2441
2442
2445
2464
2473
2474
2480
2506
252
2522
2531
2538
255
2553
2583
2602
2613
2639
2640
2649
2658
2667
2668
2670
2672
2679
2684
2698
2747
2749
2753
2764
2770
2795
2796
2797
2828
2844
2850
2851
2854
2857
2858
2869
2870
2887
2889
2899
2909
2919
293
2942
2979
2984
2998
2999
3002
3003
3010
3011
3037
3045
3087
3090
3095
3098
3099
3115
3127
3138
3164
3176
3196
3199
3200
3202
3206
3213
3215
3237
3245
3289
329
3310
3314
3337
3365
3366
3370
3389
3390
3391
3392
3393
3396
3415
3420
3425
3447
3497
3522
3536
3555
3564
3570
3571
3583
3588
3591
3596
3606
3617
3619
3644
3646
3651
3670
3689
3690
3706
3710
3711
3740
3752
3762
3772
3777
3796
3799
3806
3816
3826
383
3833
3855
3861
387
388
3880
3890
3921
3923
3938
3947
3953
3960
397
3973
3976
3988
4006
4024
4025
4026
4028
4038
404
4042
405
4058
4059
406
4063
4081
4091
411
4134
4135
4143
4144
416
4189
420
4202
4207
4229
424
429
4297
4301
431
4354
4361
4367
4373
4384
439
440
4437
4438
4439
444
4440
4446
4455
446
4465
4507
4508
4514
4521
4538
4541
457
463
4668
4676
4699
4703
4704
4708
4717
4725
4727
476
4772
4782
480
4810
4811
4818
4835
4866
4875
4876
490
4902
4927
4935
4936
4937
494
50
5003
5019
5028
5080
5084
51
510
5124
5135
5136
5142
5169
5170
5182
5195
5197
5201
5208
5213
5214
5229
523
5230
5237
5259
5263
5264
5277
5289
5297
5302
5306
5320
5335
5351
5353
5356
5370
5396
5401
5407
5422
5426
546
5476
5479
5502
5506
5518
5527
5532
5535
558
581
585
594
605
613
627
639
663
664
682
690
693
708
710
712
714
716
717
718
722
725
743
745
747
756
761
766
783
805
807
808
809
814
825
839
860
866
868
879
909
913
922
936
939
950
959
971
975
976
981
995
