3895
2097
4212
5329
179
401
822
386
2275
266
2846
884
2745
19
509
2264
2447
2575
2446
4261
2683
2444
3677
3774
3343
2236
155
3302
675
2847
2725
5036
4046
4520
3913
4403
2073
168
415
2252
3794
3557
3427
3673
4861
4488
4506
3640
4208
3922
3980
4599
4689
4141
4142
76
2478
3058
4511
3661
4137
3874
4310
3714
3284
3361
4276
3426
4502
2482
3231
3191
3916
4154
4553
4009
2943
4061
3428
3712
4812
3537
2126
966
3221
2959
852
4349
2562
2564
2034
2005
3079
192
235
683
595
467
57
267
300
2721
2720
2833
2722
914
694
2168
449
723
897
900
231
233
4173
4164
4298
940
4333
540
927
997
2091
2085
798
2088
489
417
2944
437
688
99
724
689
2047
184
640
277
2472
185
186
525
344
3014
4714
306
390
484
2046
2045
2119
1008
520
2788
590
3311
4698
5367
4918
4917
5002
4499
4919
4978
4480
2504
2600
2605
3526
3514
2604
2505
2954
5343
2606
4013
3091
2122
2120
535
2001
2304
2200
491
536
2653
493
624
6
552
492
5326
5328
5327
5177
5181
3506
3507
3504
3505
4533
3508
898
2078
2314
4944
5069
5015
4943
4938
545
826
144
149
207
15
360
368
700
430
780
4330
224
539
669
574
2198
576
602
575
4238
3716
5001
3166
4740
4953
4858
560
2839
4278
4486
4560
2901
3279
561
562
4915
4755
3829
3925
4023
4799
5257
4759
4468
3086
3830
3828
3463
3493
4421
3461
3119
1006
790
554
2742
3698
3699
3502
2865
5034
5067
4461
2452
2497
4299
3697
3036
2498
2500
2501
2499
2490
2491
2494
2495
2744
2530
126
2477
676
2682
3016
361
889
308
459
367
359
2261
2767
3267
465
89
90
91
542
601
2262
544
543
505
2237
109
371
375
170
513
3851
983
206
549
964
963
550
334
2354
2244
762
2454
3633
2895
3754
2455
2453
2475
2894
3877
3346
4530
3992
659
498
577
3175
2523
2025
2302
713
684
97
4760
4227
4228
3991
3990
5018
661
3453
955
2974
3662
2094
2093
2095
3069
3524
2141
3574
967
968
2599
2571
2568
3480
2488
2885
3159
3139
3140
3272
2114
2306
2774
3477
969
865
1015
864
3134
4985
4556
2487
2485
67
2536
2486
3840
392
481
68
3038
395
4131
2572
3243
3636
3638
3235
3149
2673
3163
3162
4770
4156
2941
3006
3214
4169
4459
3160
2481
2318
855
3994
470
4774
4525
2766
3075
4339
4205
47
527
823
696
844
824
4416
38
379
4879
5007
5006
2754
2755
2973
3108
4789
428
556
4877
3911
3844
570
461
507
194
460
856
862
4170
2144
3803
3896
4518
4483
2108
2133
477
290
4318
4495
4065
4066
4836
2517
2515
3455
3846
4436
5334
2160
4162
2516
2212
673
2211
3122
291
23
504
3062
263
503
777
3048
5122
4679
2051
133
3467
801
2155
2192
989
2840
2111
2964
2156
609
799
138
608
132
841
421
611
409
3490
2541
3363
2752
567
616
3407
3408
2956
3395
3961
3443
3444
816
4087
2581
572
660
617
828
3456
2674
4922
4995
3681
4375
4149
4388
4765
456
258
328
2402
4964
3955
2712
2837
3763
3721
3722
4311
4312
3136
2601
2711
4076
3515
2660
3853
3868
3898
2659
2665
2325
5126
3886
3885
2976
4601
5296
5079
4777
3320
3628
2573
2576
4860
3194
2582
4555
4519
4696
5099
911
4912
2611
2610
3656
4447
4448
3655
3360
4557
4482
4563
4172
3511
4854
3017
3854
2489
2492
2493
2484
3156
517
4639
4640
4641
4642
3432
488
970
2629
311
49
426
4474
3971
3983
4095
3586
3581
2068
731
732
566
487
227
342
380
222
3864
2103
2102
354
174
727
836
265
3778
3015
3838
351
332
697
199
686
196
2765
908
188
257
2184
2248
4974
3631
4773
3326
4977
3220
2134
3759
3987
4873
4194
2503
2800
597
3082
4332
443
2957
596
4329
3083
2312
3228
3229
2502
583
691
928
2125
4428
4126
2520
706
3124
2521
961
962
4112
569
815
3034
568
794
103
869
75
3216
3112
2534
432
2049
872
3528
529
3858
4435
362
3185
94
2242
500
508
2176
3926
892
4677
4589
4955
4509
3436
3438
3439
4302
2883
3413
833
4233
571
468
501
635
3565
256
3177
77
272
681
891
4988
5337
904
2241
930
3180
3182
433
641
363
2418
22
2118
3066
655
3096
584
2391
1005
578
304
658
295
322
191
389
3382
3733
2902
2293
3620
5295
532
531
533
3491
3153
2835
3736
3152
2836
3151
4470
4497
3040
2988
3939
3293
2296
2295
2642
2748
3328
806
464
479
2021
381
348
653
670
182
2563
4581
5078
2263
2980
3195
3157
4223
3300
2914
83
451
84
837
518
530
434
2953
2324
2989
87
478
612
854
85
996
2178
2180
2331
396
3648
3920
4493
3466
3639
3981
2955
2341
3475
2867
3226
284
3385
142
454
413
565
876
298
452
591
3198
3448
1010
890
2681
2420
281
453
275
502
1016
3820
3621
3967
4656
4748
3836
4161
4160
4994
3835
475
63
355
53
958
208
436
204
2578
205
376
316
537
482
2779
3978
2297
4878
2970
2972
5004
4479
4602
2109
797
791
804
853
2958
4326
4566
4568
5107
5185
5108
5186
4758
4567
4684
4336
4151
343
211
3486
3487
25
24
3131
668
458
128
483
873
377
3008
1018
369
486
2332
325
651
2570
3244
3192
599
13
345
506
455
3406
2214
139
516
3372
3132
485
141
2751
283
414
3847
3848
3849
772
357
858
356
3269
3389
3390
3391
3392
3393
5346
4078
2357
2664
4997
909
613
2539
4796
2538
725
959
3969
3653
4963
4657
3306
3882
4265
463
693
3420
175
3861
585
494
406
981
4270
2506
3570
2834
4198
718
2105
714
2649
814
690
866
50
431
51
429
3613
2256
3164
2984
1017
975
255
446
2117
131
252
594
756
457
127
510
3703
3702
4351
3090
4781
4516
2583
2348
397
420
439
546
2362
808
2405
682
232
293
388
230
476
329
480
212
440
2440
4434
4425
4510
4633
3906
2888
3765
2378
2445
939
4404
3979
4415
4405
3081
4680
2716
878
2781
106
444
879
104
101
4855
2526
2525
2465
2469
2468
3775
3776
3052
5051
3459
5042
3824
4945
4754
2870
2464
913
2131
2603
2531
5300
5299
605
3098
122
383
2400
581
3202
416
3087
424
2828
4909
4484
3777
4508
4574
4320
4321
4670
4146
3827
4597
3497
3706
4309
2999
2770
2857
2998
411
860
523
825
490
3289
130
2658
3644
2850
627
2143
2522
2613
3215
2081
3793
4092
3575
3779
3529
3899
4070
2333
4757
4417
2334
4385
3852
4737
4371
4327
4317
3627
4038
2230
558
663
708
2336
2480
3002
2161
2171
2337
3425
